{
  "fit_data_root": "fit_data",
  "generated_at": "2026-06-17T05:00:31",
  "modes": [
    {
      "artifact_dir": "fit_data",
      "candidate_dirs": [
        "fit_data"
      ],
      "existing_files": [
        "fit_results.csv",
        "full_results.csv",
        "full_results_errors.csv"
      ],
      "missing_files": [],
      "mode": "legacy",
      "note": "legacy artifacts use fit_data root",
      "results": {
        "bootstrap": {
          "gamma": {
            "available": true,
            "correlation": [
              [
                1.0,
                0.001462623026687108,
                -0.08003026035219092,
                -5.589671073377217e-05,
                2.833895020665248e-05,
                0.41820693854374535,
                -0.002629973198346967,
                0.012509574255895481,
                -0.008413316626044009,
                -0.01949559558167018
              ],
              [
                0.0014626230266871082,
                1.0,
                -0.00441143932301508,
                0.15416552466949843,
                -0.15391587955249375,
                0.0009999014272851147,
                0.006525198490200564,
                0.01724742504887873,
                -0.0006813356915918152,
                -0.0266016164463534
              ],
              [
                -0.08003026035219091,
                -0.00441143932301508,
                1.0,
                -0.003381765799837045,
                0.0039653104444836796,
                0.07207125742675134,
                -0.008514495810735326,
                -0.05927150320740391,
                0.017227672311492467,
                0.05373065622065021
              ],
              [
                -5.589671073377218e-05,
                0.15416552466949843,
                -0.0033817657998370444,
                1.0,
                -0.9999753184011494,
                1.2210660268984842e-05,
                -0.0005910138003618115,
                -0.005253244647236212,
                -0.0107699286429373,
                -0.017475587050073984
              ],
              [
                2.8338950206652475e-05,
                -0.15391587955249375,
                0.0039653104444836796,
                -0.9999753184011494,
                1.0,
                -7.929083322828587e-06,
                4.287588897606463e-06,
                0.005257514065394091,
                0.010859111435997567,
                0.01746105528709254
              ],
              [
                0.4182069385437453,
                0.0009999014272851145,
                0.07207125742675134,
                1.2210660268984844e-05,
                -7.929083322828587e-06,
                1.0,
                -0.007832200243311707,
                -0.00209394067700973,
                -0.010799290311634593,
                -0.02361377001637386
              ],
              [
                -0.002629973198346967,
                0.006525198490200564,
                -0.008514495810735325,
                -0.0005910138003618114,
                4.287588897606463e-06,
                -0.007832200243311707,
                1.0,
                0.016435268650148403,
                0.11127940910717421,
                -0.02156186899149244
              ],
              [
                0.01250957425589548,
                0.01724742504887873,
                -0.05927150320740391,
                -0.005253244647236213,
                0.005257514065394091,
                -0.0020939406770097294,
                0.016435268650148403,
                1.0,
                -0.12295483231529625,
                -0.692267038695284
              ],
              [
                -0.008413316626044009,
                -0.0006813356915918151,
                0.017227672311492467,
                -0.0107699286429373,
                0.010859111435997567,
                -0.010799290311634591,
                0.11127940910717421,
                -0.12295483231529626,
                1.0,
                0.09925237613754939
              ],
              [
                -0.019495595581670182,
                -0.0266016164463534,
                0.05373065622065021,
                -0.017475587050073984,
                0.01746105528709254,
                -0.023613770016373856,
                -0.02156186899149244,
                -0.692267038695284,
                0.09925237613754939,
                1.0
              ]
            ],
            "covariance": [
              [
                9.521507373299746,
                912505.0887093836,
                -0.026154826867273565,
                -4482.089876587771,
                8745.990812330478,
                1.2162937215967584,
                -4.59105958257285e-09,
                3.027798872059528e-08,
                -2.5314598776321703e-08,
                -5.1129822101002874e-08
              ],
              [
                912505.0887093836,
                4.087898172230999e+16,
                -94465.90955604603,
                809988316205099.5,
                -3112474970513720.5,
                190546.77371777073,
                0.7463671456808736,
                2.7353061400080034,
                -0.1343266350220661,
                -4.571334300735693
              ],
              [
                -0.026154826867273565,
                -94465.90955604603,
                0.011217330906718627,
                -9307.429344651302,
                42004.35926411222,
                0.007194510354579515,
                -5.101671072477848e-10,
                -4.924048783311935e-09,
                1.779190001024053e-09,
                4.836729848369645e-09
              ],
              [
                -4482.089876587771,
                809988316205099.5,
                -9307.429344651302,
                675278478933541.6,
                -2598981211514091.5,
                299.071466088941,
                -0.00868856048466033,
                -0.10707811582056351,
                -0.2729010717997709,
                -0.38597408705927305
              ],
              [
                8745.990812330478,
                -3112474970513720.5,
                42004.35926411222,
                -2598981211514091.5,
                1.000333491239436e+16,
                -747.4631094800056,
                0.0002426019540842155,
                0.41246251662823014,
                1.0590529041264602,
                1.4843209338548606
              ],
              [
                1.2162937215967584,
                190546.77371777073,
                0.007194510354579515,
                299.071466088941,
                -747.4631094800056,
                0.8883595058727383,
                -4.176254067967127e-09,
                -1.5480692707975165e-09,
                -9.925229418904541e-09,
                -1.8916667335535644e-08
              ],
              [
                -4.59105958257285e-09,
                0.7463671456808736,
                -5.101671072477848e-10,
                -0.00868856048466033,
                0.0002426019540842155,
                -4.176254067967127e-09,
                3.200497591366359e-13,
                7.293184481528455e-15,
                6.138673347388772e-14,
                -1.0367643989635657e-14
              ],
              [
                3.027798872059528e-08,
                2.7353061400080034,
                -4.924048783311935e-09,
                -0.10707811582056351,
                0.41246251662823014,
                -1.5480692707975165e-09,
                7.293184481528455e-15,
                6.1526651355561e-13,
                -9.404337406831096e-14,
                -4.615196680985198e-13
              ],
              [
                -2.5314598776321703e-08,
                -0.1343266350220661,
                1.779190001024053e-09,
                -0.2729010717997709,
                1.0590529041264602,
                -9.925229418904541e-09,
                6.138673347388772e-14,
                -9.404337406831096e-14,
                9.508279115341716e-13,
                8.225774394809946e-14
              ],
              [
                -5.1129822101002874e-08,
                -4.571334300735693,
                4.836729848369645e-09,
                -0.38597408705927305,
                1.4843209338548606,
                -1.8916667335535644e-08,
                -1.0367643989635657e-14,
                -4.615196680985198e-13,
                8.225774394809946e-14,
                7.223868651931901e-13
              ]
            ],
            "mean": [
              -0.12958663444855575,
              -7910691.716049259,
              0.022510902689294007,
              271567.189704235,
              -1078194.638563036,
              0.2099165269278708,
              0.699999771038312,
              1.699999418971185,
              0.3000000470163494,
              4.7519326807144956e-07
            ],
            "n_finite_samples": 10000,
            "n_parameters": 10,
            "n_samples": 10000,
            "path": "fit_data/bootstrap_gamma_params.npy",
            "std": [
              3.085539697129565,
              202175403.6081977,
              0.10590660590174704,
              25984821.551930014,
              100011672.21331261,
              0.9424811244381243,
              5.657011173408833e-07,
              7.843500410558538e-07,
              9.75055295223348e-07,
              8.498909497733564e-07
            ]
          },
          "k": {
            "available": true,
            "correlation": [
              [
                1.0,
                -0.0003196313758282011,
                0.6332702701349452,
                -0.006155565139528182,
                0.09760538418412082,
                -0.10151764314777505,
                0.8588241309705898,
                0.1282341520612845,
                -0.14636114266419215,
                -0.12729855211635194,
                -0.15586598077416638
              ],
              [
                -0.0003196313758282011,
                1.0,
                0.008515416163647841,
                0.03667616959270266,
                -4.972023895328621e-05,
                0.0001278237915591069,
                -0.008242902645318744,
                -0.0021447013734635684,
                -0.00417003669771554,
                0.021822146734198238,
                -0.0037967557252207283
              ],
              [
                0.6332702701349451,
                0.008515416163647841,
                1.0,
                -0.002848348711482776,
                0.32084030174654243,
                -0.3323546432341678,
                0.21798574474219393,
                0.11295156814122752,
                -0.12346746909302181,
                -0.00032068550860791286,
                -0.09255704103400259
              ],
              [
                -0.006155565139528182,
                0.03667616959270266,
                -0.0028483487114827765,
                1.0,
                -0.008644113997500162,
                0.010563676530933685,
                0.003029266041318636,
                0.09626533376791915,
                -0.06163120298308552,
                -0.013269014912551481,
                -0.08340363420948713
              ],
              [
                0.09760538418412082,
                -4.972023895328621e-05,
                0.32084030174654243,
                -0.00864411399750016,
                1.0,
                -0.9924249291958308,
                -0.008055985213727267,
                0.15185500135537733,
                0.019195725188156015,
                0.04095497925782714,
                0.08000247240123358
              ],
              [
                -0.10151764314777505,
                0.0001278237915591069,
                -0.33235464323416775,
                0.010563676530933685,
                -0.9924249291958309,
                1.0,
                0.00891721759770221,
                -0.1534788037654643,
                -0.01726241917436436,
                -0.04016914497771516,
                -0.0760127732254229
              ],
              [
                0.8588241309705898,
                -0.008242902645318744,
                0.21798574474219395,
                0.0030292660413186365,
                -0.008055985213727267,
                0.008917217597702212,
                1.0,
                0.08695568338060507,
                -0.08840662505324094,
                -0.1381452085386338,
                -0.10339013006642886
              ],
              [
                0.1282341520612845,
                -0.002144701373463568,
                0.11295156814122752,
                0.09626533376791915,
                0.15185500135537733,
                -0.1534788037654643,
                0.08695568338060508,
                0.9999999999999999,
                -0.18433729220939102,
                -0.17546374738796505,
                -0.29873655779257197
              ],
              [
                -0.14636114266419212,
                -0.004170036697715541,
                -0.12346746909302182,
                -0.061631202983085505,
                0.019195725188156015,
                -0.01726241917436436,
                -0.08840662505324093,
                -0.18433729220939105,
                1.0,
                0.08861869259504292,
                0.4909782377126042
              ],
              [
                -0.12729855211635197,
                0.021822146734198238,
                -0.00032068550860791286,
                -0.013269014912551483,
                0.04095497925782714,
                -0.04016914497771516,
                -0.1381452085386338,
                -0.17546374738796505,
                0.0886186925950429,
                1.0,
                0.284180141455667
              ],
              [
                -0.15586598077416638,
                -0.003796755725220728,
                -0.09255704103400257,
                -0.08340363420948714,
                0.08000247240123357,
                -0.0760127732254229,
                -0.10339013006642886,
                -0.29873655779257197,
                0.49097823771260424,
                0.284180141455667,
                1.0
              ]
            ],
            "covariance": [
              [
                0.0007024474039118194,
                -4574.549340439923,
                4.3874264897136324e-05,
                -125426.68094487854,
                33.827276481517835,
                -185.38780084677634,
                0.00030494237857690235,
                3.1655072220323977e-10,
                -1.4295291839554511e-09,
                -1.342892193236556e-09,
                -9.073088154063877e-10
              ],
              [
                -4574.549340439923,
                2.9159764501492864e+17,
                12020.2010282273,
                1.5226183908666244e+16,
                -351084426.42429835,
                4755940601.986541,
                -59631.92314327461,
                -0.10786772876004645,
                -0.8298358856743253,
                4.690296059259766,
                -0.45029958900581696
              ],
              [
                4.3874264897136324e-05,
                12020.2010282273,
                6.833256049954508e-06,
                -5724.29618828257,
                10.967032117876604,
                -59.86159964919202,
                7.633937147803781e-06,
                2.7500387310842596e-11,
                -1.189396679454547e-10,
                -3.336598587144112e-13,
                -5.3139834486247155e-11
              ],
              [
                -125426.68094487854,
                1.5226183908666244e+16,
                -5724.29618828257,
                5.910581163808925e+17,
                -86900430981.7848,
                559580931929.4374,
                31200.327167979707,
                6.893149728215945,
                -17.461279583662023,
                -4.0603601244532905,
                -14.08305759989639
              ],
              [
                33.827276481517835,
                -351084426.42429835,
                10.967032117876604,
                -86900430981.7848,
                170990784.1298597,
                -894163086.8064617,
                -1.4112750100333507,
                0.00018494736592874765,
                9.250201737888951e-05,
                0.00021315908210298685,
                0.0002297664681631263
              ],
              [
                -185.38780084677634,
                4755940601.986541,
                -59.86159964919202,
                559580931929.4374,
                -894163086.8064617,
                4747505105.928307,
                8.231305558796699,
                -0.000984949182852498,
                -0.00043832345129557904,
                -0.0011016308440903303,
                -0.0011503134179247502
              ],
              [
                0.00030494237857690235,
                -59631.92314327461,
                7.633937147803781e-06,
                31200.327167979707,
                -1.4112750100333507,
                8.231305558796699,
                0.00017947884994587025,
                1.0850189167260792e-10,
                -4.364673674941091e-10,
                -7.366365175935507e-10,
                -3.0421639013611547e-10
              ],
              [
                3.1655072220323977e-10,
                -0.10786772876004645,
                2.7500387310842596e-11,
                6.893149728215945,
                0.00018494736592874765,
                -0.000984949182852498,
                1.0850189167260792e-10,
                8.674918369276856e-15,
                -6.327122321683504e-15,
                -6.504754016208359e-15,
                -6.111079855929324e-15
              ],
              [
                -1.4295291839554511e-09,
                -0.8298358856743253,
                -1.189396679454547e-10,
                -17.461279583662023,
                9.250201737888951e-05,
                -0.00043832345129557904,
                -4.364673674941091e-10,
                -6.327122321683504e-15,
                1.3580653142554035e-13,
                1.2998596010248884e-14,
                3.97392310504441e-14
              ],
              [
                -1.342892193236556e-09,
                4.690296059259766,
                -3.336598587144112e-13,
                -4.0603601244532905,
                0.00021315908210298685,
                -0.0011016308440903303,
                -7.366365175935507e-10,
                -6.504754016208359e-15,
                1.2998596010248884e-14,
                1.5842421298560405e-13,
                2.4842848632920213e-14
              ],
              [
                -9.073088154063877e-10,
                -0.45029958900581696,
                -5.3139834486247155e-11,
                -14.08305759989639,
                0.0002297664681631263,
                -0.0011503134179247502,
                -3.0421639013611547e-10,
                -6.111079855929324e-15,
                3.97392310504441e-14,
                2.4842848632920213e-14,
                4.8238497909015747e-14
              ]
            ],
            "mean": [
              0.07446419714013526,
              765405.1286726063,
              -0.002872057933204287,
              2386436431.3925676,
              232.48683803038122,
              -1231.9426724755451,
              -0.0013865228785775972,
              0.6999999920827431,
              1.7000000698314728,
              0.30000009810243133,
              5.0795463607651905e-08
            ],
            "n_finite_samples": 10000,
            "n_parameters": 11,
            "n_samples": 10000,
            "path": "fit_data/bootstrap_k_params.npy",
            "std": [
              0.026502399121050055,
              539970818.8878567,
              0.0026139190355382036,
              768764600.2316203,
              13075.69061470259,
              68898.69632596892,
              0.013396301805380983,
              9.313458475475336e-08,
              3.685009508432532e-07,
              3.9800549062079045e-07,
              2.1962166117946671e-07
            ]
          },
          "mass": {
            "available": true,
            "correlation": [
              [
                1.0,
                -0.10055782156869011,
                -0.38442972769817013,
                0.08776889812331565,
                -0.08889271469071577,
                0.6380609530242929,
                0.1705493831036194,
                0.06824137562778573,
                0.02272496171385739,
                -0.13953511635320248
              ],
              [
                -0.10055782156869011,
                0.9999999999999998,
                -0.08730758653641973,
                0.28061223887095615,
                -0.28049430855241686,
                0.07324245132382062,
                -0.17997940807662383,
                0.08225466759893554,
                -0.04332178158414694,
                0.21826748850475894
              ],
              [
                -0.38442972769817013,
                -0.08730758653641975,
                0.9999999999999998,
                -0.7897160762726028,
                0.7912242573516686,
                0.12771720848265916,
                -0.09539440203255364,
                -0.05755912108950581,
                -0.049785496029045834,
                0.08209956807750608
              ],
              [
                0.08776889812331565,
                0.28061223887095615,
                -0.7897160762726028,
                1.0,
                -0.9999708029272075,
                0.0002743656733744205,
                0.00863092820987391,
                0.006032256964058203,
                0.011084399441156734,
                -0.00842554505549782
              ],
              [
                -0.08889271469071579,
                -0.28049430855241686,
                0.7912242573516686,
                -0.9999708029272076,
                1.0,
                -0.00025886918640492535,
                -0.008656091541832755,
                -0.005957860255782179,
                -0.011005269254005157,
                0.00823192395874915
              ],
              [
                0.638060953024293,
                0.07324245132382062,
                0.12771720848265916,
                0.0002743656733744205,
                -0.00025886918640492535,
                1.0,
                0.061457051415923385,
                -0.008968048674679879,
                -0.05569431743144615,
                -0.04179865987446467
              ],
              [
                0.1705493831036194,
                -0.17997940807662383,
                -0.09539440203255364,
                0.00863092820987391,
                -0.008656091541832755,
                0.061457051415923385,
                1.0,
                0.25299156040417753,
                -0.011180130236085951,
                -0.7378212489172176
              ],
              [
                0.06824137562778575,
                0.08225466759893554,
                -0.05755912108950582,
                0.006032256964058203,
                -0.005957860255782179,
                -0.008968048674679879,
                0.25299156040417753,
                1.0,
                0.054175358951630656,
                -0.2571951357361057
              ],
              [
                0.02272496171385739,
                -0.04332178158414695,
                -0.049785496029045834,
                0.011084399441156736,
                -0.011005269254005159,
                -0.05569431743144614,
                -0.011180130236085951,
                0.054175358951630656,
                1.0,
                -0.0934162017853501
              ],
              [
                -0.1395351163532025,
                0.21826748850475894,
                0.08209956807750608,
                -0.00842554505549782,
                0.00823192395874915,
                -0.04179865987446466,
                -0.7378212489172176,
                -0.2571951357361057,
                -0.0934162017853501,
                1.0
              ]
            ],
            "covariance": [
              [
                0.020998483222409076,
                -154846.7370084135,
                -0.002133064627838337,
                117411.23518898991,
                -502816.7428992227,
                0.009672251299638893,
                2.244202348477852e-08,
                9.001114271519575e-09,
                2.9535903354843145e-09,
                -1.954993605594663e-08
              ],
              [
                -154846.7370084135,
                112923538334179.94,
                -35525.2636035311,
                27527951581151.145,
                -116349866900272.34,
                81419.14747196564,
                -1.7367325938907452,
                0.7956230015394393,
                -0.4129064648276578,
                2.2425862228014473
              ],
              [
                -0.002133064627838337,
                -35525.2636035311,
                0.001466176229888193,
                -279150.95259915036,
                1182611.9930484928,
                0.000511580456776679,
                -3.3169114234151413e-09,
                -2.006142509033983e-09,
                -1.7098147565166684e-09,
                3.03949769979767e-09
              ],
              [
                117411.23518898991,
                27527951581151.145,
                -279150.95259915036,
                85221680922139.88,
                -360339578401420.9,
                264.9575280382699,
                0.07235198475007786,
                0.05068849783926897,
                0.09177837227780214,
                -0.0752039951811514
              ],
              [
                -502816.7428992227,
                -116349866900272.34,
                1182611.9930484928,
                -360339578401420.9,
                1523699049991636.2,
                -1057.0642805965224,
                -0.30682400595876436,
                -0.21168712778960255,
                -0.3853039010458105,
                0.3106839427900176
              ],
              [
                0.009672251299638893,
                81419.14747196564,
                0.000511580456776679,
                264.9575280382699,
                -1057.0642805965224,
                0.010943163329346823,
                5.83795922461747e-09,
                -8.5393327497557e-10,
                -5.225591560390965e-09,
                -4.227675625889274e-09
              ],
              [
                2.244202348477852e-08,
                -1.7367325938907452,
                -3.3169114234151413e-09,
                0.07235198475007786,
                -0.30682400595876436,
                5.83795922461747e-09,
                8.245856899989749e-13,
                2.0911176616599338e-13,
                -9.105795545231643e-15,
                -6.477939907918626e-13
              ],
              [
                9.001114271519575e-09,
                0.7956230015394393,
                -2.006142509033983e-09,
                0.05068849783926897,
                -0.21168712778960255,
                -8.5393327497557e-10,
                2.0911176616599338e-13,
                8.285316040839885e-13,
                4.422923953990988e-14,
                -2.2635242403572326e-13
              ],
              [
                2.9535903354843145e-09,
                -0.4129064648276578,
                -1.7098147565166684e-09,
                0.09177837227780214,
                -0.3853039010458105,
                -5.225591560390965e-09,
                -9.105795545231643e-15,
                4.422923953990988e-14,
                8.044633636860132e-13,
                -8.10108520833735e-14
              ],
              [
                -1.954993605594663e-08,
                2.2425862228014473,
                3.03949769979767e-09,
                -0.0752039951811514,
                0.3106839427900176,
                -4.227675625889274e-09,
                -6.477939907918626e-13,
                -2.2635242403572326e-13,
                -8.10108520833735e-14,
                9.348366257360915e-13
              ]
            ],
            "mean": [
              1.428941726520785,
              2253260.547130338,
              -0.007446950206887455,
              99385.93346931359,
              -436370.5985513933,
              1.3153564263642168,
              0.7000002566979227,
              1.7000003686208485,
              0.29999960042491375,
              -1.602595308566846e-07
            ],
            "n_finite_samples": 10000,
            "n_parameters": 10,
            "n_samples": 10000,
            "path": "fit_data/bootstrap_mass_params.npy",
            "std": [
              0.1449012883796651,
              10626017.409187086,
              0.0382887661366255,
              9231097.37539624,
              39032636.08938858,
              0.10460434509624292,
              9.08021602953357e-07,
              9.101916012156974e-07,
              8.968739696020007e-07,
              9.66821153095811e-07
            ]
          }
        },
        "bw_fit": {
          "available": true,
          "parameters": {
            "gamma": {
              "best_fit_parameters": [
                -0.18248964,
                -4.52797355,
                0.02816832,
                0.02411625,
                0.73969497,
                0.18050456
              ],
              "best_p_values": [
                0.7,
                1.7,
                0.3,
                0.0
              ],
              "chi_squared": 3.145441457445861,
              "p_value_uncertainties": [
                0.0,
                0.0,
                0.0,
                0.0
              ],
              "parameter_uncertainties": [
                0.25528155,
                7.16406629,
                0.05682992,
                0.02170185,
                0.972427,
                0.05214743
              ]
            },
            "k": {
              "best_fit_parameters": [
                0.0788991095,
                2.15761631,
                -0.00276224856,
                2386091920.0,
                -0.172012401,
                0.806275047,
                0.000794919636
              ],
              "best_p_values": [
                0.7,
                1.7,
                0.3,
                0.0
              ],
              "chi_squared": 5.094523627255281,
              "p_value_uncertainties": [
                0.0,
                0.0,
                0.0,
                0.0
              ],
              "parameter_uncertainties": [
                0.0228336134,
                0.873265893,
                0.00287948336,
                19495.276,
                0.0336725728,
                0.487915796,
                0.00996870833
              ]
            },
            "mass": {
              "best_fit_parameters": [
                1.38447474,
                11.5272591,
                0.000832595584,
                -0.120337074,
                -0.252764476,
                1.31412438
              ],
              "best_p_values": [
                0.7,
                1.7,
                0.3,
                0.0
              ],
              "chi_squared": 3.2948924099085133,
              "p_value_uncertainties": [
                0.0,
                0.0,
                0.0,
                0.0
              ],
              "parameter_uncertainties": [
                0.0421568778,
                3.35685777,
                0.000454686506,
                0.022481023,
                0.031236518,
                0.0252548053
              ]
            }
          },
          "path": "fit_data/fit_results.csv"
        },
        "dis_fit": {
          "available": false,
          "path": "fit_data/dis_fit_summary.json"
        },
        "transition_fit": {
          "available": true,
          "bins": [
            {
              "damping_dis_width": 0.1,
              "damping_dis_width_err": 0.1708746529818208,
              "q2_label": "Low Q2 bin 1: 0.035 \u00b1 0.000 (n=44)",
              "w_dis_transition": 1.5,
              "w_dis_transition_err": 0.1401131939298367
            },
            {
              "damping_dis_width": 0.1,
              "damping_dis_width_err": 0.1547925003230501,
              "q2_label": "Low Q2 bin 2: 0.057 \u00b1 0.000 (n=44)",
              "w_dis_transition": 1.5,
              "w_dis_transition_err": 0.1372183300771434
            },
            {
              "damping_dis_width": 0.1,
              "damping_dis_width_err": 0.1044984512557469,
              "q2_label": "Low Q2 bin 3: 0.079 \u00b1 0.000 (n=55)",
              "w_dis_transition": 1.5,
              "w_dis_transition_err": 0.1233373366063179
            },
            {
              "damping_dis_width": 0.1530629113415537,
              "damping_dis_width_err": 0.1504947934452831,
              "q2_label": "Mid Q2 bin 1: 0.100 \u00b1 0.000 (n=108)",
              "w_dis_transition": 1.5226741083413906,
              "w_dis_transition_err": 0.1089325911815605
            },
            {
              "damping_dis_width": 0.1311375276149853,
              "damping_dis_width_err": 0.1194557073349908,
              "q2_label": "Mid Q2 bin 2: 0.150 \u00b1 0.000 (n=69)",
              "w_dis_transition": 1.5165617170959032,
              "w_dis_transition_err": 0.1121977342426201
            },
            {
              "damping_dis_width": 0.116153373643049,
              "damping_dis_width_err": 0.09015864179519,
              "q2_label": "Mid Q2 bin 3: 0.200 \u00b1 0.000 (n=62)",
              "w_dis_transition": 1.5585020565922645,
              "w_dis_transition_err": 0.0982008722050215
            },
            {
              "damping_dis_width": 0.1395900027989043,
              "damping_dis_width_err": 0.110516180775962,
              "q2_label": "Mid Q2 bin 4: 0.240 \u00b1 0.000 (n=53)",
              "w_dis_transition": 1.5694547014014166,
              "w_dis_transition_err": 0.0891275280149455
            },
            {
              "damping_dis_width": 0.1102786418065349,
              "damping_dis_width_err": 0.058823836016224,
              "q2_label": "Mid Q2 bin 5: 0.260 \u00b1 0.000 (n=47)",
              "w_dis_transition": 1.606408309010542,
              "w_dis_transition_err": 0.0540803812918212
            },
            {
              "damping_dis_width": 0.1,
              "damping_dis_width_err": 0.066651752071703,
              "q2_label": "Mid Q2 bin 6: 0.420 \u00b1 0.000 (n=34)",
              "w_dis_transition": 1.6058430267444288,
              "w_dis_transition_err": 0.0637059616011641
            },
            {
              "damping_dis_width": 0.1,
              "damping_dis_width_err": 0.0795459318082326,
              "q2_label": "Mid Q2 bin 7: 0.580 \u00b1 0.000 (n=38)",
              "w_dis_transition": 1.647280867322299,
              "w_dis_transition_err": 0.0772983184538547
            },
            {
              "damping_dis_width": 0.1043498436867153,
              "damping_dis_width_err": 0.0820204593790147,
              "q2_label": "Mid Q2 bin 8: 0.740 \u00b1 0.000 (n=40)",
              "w_dis_transition": 1.7175019688588151,
              "w_dis_transition_err": 0.1086130203961537
            },
            {
              "damping_dis_width": 0.1141979266625353,
              "damping_dis_width_err": 0.0902759279854258,
              "q2_label": "Mid Q2 bin 9: 0.900 \u00b1 0.000 (n=42)",
              "w_dis_transition": 1.7475640376444197,
              "w_dis_transition_err": 0.1195753403180078
            },
            {
              "damping_dis_width": 0.1100934331306211,
              "damping_dis_width_err": 0.366888138977499,
              "q2_label": "High Q2 bin 1: 1.450 \u00b1 0.700 (n=11)",
              "w_dis_transition": 1.87352438102806,
              "w_dis_transition_err": 0.6482983111597824
            },
            {
              "damping_dis_width": 0.1,
              "damping_dis_width_err": 11.639085287969577,
              "q2_label": "High Q2 bin 2: 2.200 \u00b1 0.600 (n=9)",
              "w_dis_transition": 1.695280384125885,
              "w_dis_transition_err": 197.31512977863
            },
            {
              "damping_dis_width": 0.1,
              "damping_dis_width_err": 11.639085287969577,
              "q2_label": "High Q2 bin 3: 2.850 \u00b1 0.500 (n=10)",
              "w_dis_transition": 1.561631215328611,
              "w_dis_transition_err": 181.75958903565288
            },
            {
              "damping_dis_width": 1.0,
              "damping_dis_width_err": 116.39085287969571,
              "q2_label": "High Q2 bin 4: 4.066 \u00b1 1.533 (n=12)",
              "w_dis_transition": 1.5,
              "w_dis_transition_err": 174.58627931954368
            },
            {
              "damping_dis_width": 0.1,
              "damping_dis_width_err": 11.639085287969577,
              "q2_label": "High Q2 bin 5: 8.003 \u00b1 6.007 (n=31)",
              "w_dis_transition": 1.5,
              "w_dis_transition_err": 174.58627931954368
            }
          ],
          "errors_path": "fit_data/full_results_errors.csv",
          "results_path": "fit_data/full_results.csv"
        }
      },
      "splash_files": [],
      "splash_summaries": [],
      "status": "artifacts_available"
    },
    {
      "artifact_dir": null,
      "candidate_dirs": [],
      "existing_files": [],
      "missing_files": [],
      "mode": "2025",
      "note": "",
      "results": {
        "bootstrap": {
          "gamma": {
            "available": false,
            "path": null
          },
          "k": {
            "available": false,
            "path": null
          },
          "mass": {
            "available": false,
            "path": null
          }
        },
        "bw_fit": {
          "available": false,
          "parameters": {},
          "path": null
        },
        "dis_fit": {
          "available": false,
          "path": null
        },
        "transition_fit": {
          "available": false,
          "bins": [],
          "errors_path": null,
          "results_path": null
        }
